1 172995 471402 298407 2.7249458076823028
2 407703 837867 430164 2.0550915740134363
3 332804 769921 437117 2.313436737539212
4 544838 1025138 480300 1.8815464413275138
5 477684 953979 476295 1.9970922199613133
6 19114 73159 54045 3.82750863241603
7 108293 300442 192149 2.774343678723463
8 181850 478824 296974 2.6330712125378057
9 90440 327402 236962 3.6201017249004863
10 151701 415790 264089 2.7408520708498956
11 129728 423761 294033 3.266534595461273
12 462324 896770 434446 1.9397002967615784
13 425875 883997 458122 2.0757194012327562
14 320537 838335 517798 2.615407893628505
15 360193 794882 434689 2.206822453517975
16 284 284 0 1.0
17 66850 263656 196806 3.9439940164547496
18 84229 345658 261429 4.103788481401892
19 55544 213356 157812 3.8412069710499783
20 54612 206935 152323 3.789185526990405
