1 172995 265226 92231 1.5331425763750397
2 407703 560786 153083 1.3754767563643142
3 332804 459486 126682 1.3806504729510463
4 544838 740723 195885 1.3595288874858216
5 477684 653704 176020 1.3684862796325605
6 19114 74304 55190 3.887412367897876
7 108293 212802 104509 1.9650577599660182
8 181850 339151 157301 1.8650041242782514
9 90440 185086 94646 2.0465059708093762
10 151701 296810 145109 1.9565461005530616
11 129728 289475 159747 2.231399543660582
12 462324 600120 137796 1.2980507176785112
13 425875 582048 156173 1.3667108893454651
14 320537 442269 121732 1.3797751897596846
15 360193 543156 182963 1.5079582335025945
16 284 133477 133193 469.98943661971833
17 66850 256684 189834 3.839700822737472
18 84229 332302 248073 3.9452207671941966
19 55544 263292 207748 4.740241970329828
20 54612 257876 203264 4.721965868307332
