1 172995 412407 239412 2.383924390878349
2 407703 961335 553632 2.3579296693916896
3 332804 834041 501237 2.5061026910734245
4 544838 916160 371322 1.68152735308477
5 477684 936887 459203 1.9613112434161495
6 19114 192910 173796 10.092602281050539
7 108293 465860 357567 4.301847764860148
8 181850 619290 437440 3.4054990376684082
9 90440 477870 387430 5.283834586466165
10 151701 476641 324940 3.1419766514393443
11 129728 503603 373875 3.881991551554021
12 462324 1253296 790972 2.7108607816163555
13 425875 862537 436662 2.025329028470795
14 320537 860289 539752 2.6838992066438507
15 360193 773969 413776 2.148761913751794
16 284 303790 303506 1069.6830985915492
17 66850 575111 508261 8.603006731488406
18 84229 620098 535869 7.362048700566313
19 55544 545223 489679 9.816055739593835
20 54612 487601 432989 8.928458946751629
