1 172995 266515 93520 1.5405936587762652
2 407703 543040 135337 1.3319499733874904
3 332804 470601 137797 1.4140485090323434
4 544838 759432 214594 1.3938675349369904
5 477684 691038 213354 1.4466425503052227
6 19114 60158 41044 3.1473265669143036
7 108293 184767 76474 1.7061767611941676
8 181850 290421 108571 1.597036018696728
9 90440 153951 63511 1.7022445820433436
10 151701 289494 137793 1.9083196551110408
11 129728 223201 93473 1.7205306487419831
12 462324 665131 202807 1.4386685527898184
13 425875 657539 231664 1.5439718227179338
14 320537 490666 170129 1.5307624392815806
15 360193 582228 222035 1.6164334120874086
16 284 63016 62732 221.88732394366198
17 66850 151563 84713 2.267210172026926
18 84229 188062 103833 2.232746441249451
19 55544 125692 70148 2.2629266887512602
20 54612 136360 81748 2.4968871310334726
