1 172995 288966 115971 1.6703719760686726
2 407703 589998 182295 1.4471269527082213
3 332804 550188 217384 1.6531892645521087
4 544838 699492 154654 1.2838531820467736
5 477684 686222 208538 1.4365605714237863
6 19114 104386 85272 5.461232604373757
7 108293 264699 156406 2.4442854108760494
8 181850 392016 210166 2.155710750618642
9 90440 299372 208932 3.310172490048651
10 151701 326848 175147 2.1545540240341197
11 129728 349462 219734 2.6938055007400097
12 462324 737885 275561 1.5960343828137842
13 425875 634639 208764 1.4902001761080128
14 320537 501966 181429 1.5660157797695742
15 360193 532576 172383 1.478585091881297
16 284 152021 151737 535.2852112676056
17 66850 317464 250614 4.748900523560209
18 84229 375401 291172 4.45690914055729
19 55544 287951 232407 5.18419631283307
20 54612 299694 245082 5.487695012085256
