1 172995 201328 28333 1.1637792999797683
2 407703 424330 16627 1.0407821379778908
3 332804 367203 34399 1.1033611374863284
4 544838 572916 28078 1.0515345845921173
5 477684 500424 22740 1.0476046926419977
6 19114 39051 19937 2.0430574448048553
7 108293 146887 38594 1.3563849925664633
8 181850 217348 35498 1.1952048391531482
9 90440 116867 26427 1.292204776647501
10 151701 209125 57424 1.3785340900851015
11 129728 167863 38135 1.293961211149482
12 462324 520591 58267 1.1260306624791272
13 425875 472029 46154 1.1083745230407984
14 320537 379988 59451 1.1854731279072306
15 360193 419245 59052 1.1639454403611398
16 284 34331 34047 120.88380281690141
17 66850 111413 44563 1.6666118175018698
18 84229 107569 23340 1.2771017108121905
19 55544 91474 35930 1.6468745499063806
20 54612 84040 29428 1.5388559290998316
