1 172995 174893 1898 1.0109714153588254
2 407703 407944 241 1.0005911165726031
3 332804 334456 1652 1.0049638826456413
4 544838 545405 567 1.0010406763111237
5 477684 480741 3057 1.0063996282060943
6 19114 20121 1007 1.0526838966202783
7 108293 113141 4848 1.04476743649174
8 181850 185547 3697 1.0203299422601044
9 90440 90749 309 1.0034166298098186
10 151701 153622 1921 1.0126630674814272
11 129728 131481 1753 1.01351288850518
12 462324 463814 1490 1.003222848045959
13 425875 426492 617 1.0014487819195774
14 320537 320884 347 1.0010825583317995
15 360193 361352 1159 1.0032177193893275
16 284 498 214 1.7535211267605635
17 66850 70389 3539 1.052939416604338
18 84229 86348 2119 1.0251576060501728
19 55544 59524 3980 1.0716549042200778
20 54612 55768 1156 1.021167508972387
