1 172995 174694 1699 1.009821093095176
2 407703 408383 680 1.001667880785768
3 332804 334167 1363 1.0040955036598118
4 544838 545979 1141 1.0020942004779403
5 477684 478117 433 1.000906456988302
6 19114 19114 0 1.0
7 108293 112886 4593 1.042412713656469
8 181850 183557 1707 1.0093868572999725
9 90440 91079 639 1.0070654577620521
10 151701 157078 5377 1.0354447235021522
11 129728 130463 735 1.005665700542674
12 462324 465686 3362 1.0072719564634325
13 425875 427532 1657 1.003890813031993
14 320537 321042 505 1.0015754811457023
15 360193 361829 1636 1.0045420094227262
16 284 341 57 1.2007042253521127
17 66850 67879 1029 1.0153926701570681
18 84229 85200 971 1.0115280960239348
19 55544 56928 1384 1.0249171827740169
20 54612 55339 727 1.0133120925803853
