1 172995 173020 25 1.0001445128471922
2 407703 408283 580 1.0014226041996257
3 332804 332856 52 1.0001562481220179
4 544838 544838 0 1.0
5 477684 477969 285 1.0005966287336399
6 19114 19114 0 1.0
7 108293 108293 0 1.0
8 181850 182041 191 1.001050316194666
9 90440 90440 0 1.0
10 151701 151701 0 1.0
11 129728 129747 19 1.0001464602861372
12 462324 462571 247 1.0005342573606388
13 425875 426185 310 1.000727913120047
14 320537 320537 0 1.0
15 360193 360327 134 1.0003720227766781
16 284 341 57 1.2007042253521127
17 66850 67394 544 1.008137621540763
18 84229 84583 354 1.0042028280046065
19 55544 55827 283 1.0050950597724326
20 54612 56099 1487 1.0272284479601552
