1 172995 172995 0 1.0
2 407703 408276 573 1.0014054348385957
3 332804 332856 52 1.0001562481220179
4 544838 544838 0 1.0
5 477684 477695 11 1.0000230277756843
6 19114 19114 0 1.0
7 108293 108293 0 1.0
8 181850 181850 0 1.0
9 90440 90644 204 1.0022556390977444
10 151701 151701 0 1.0
11 129728 129728 0 1.0
12 462324 462576 252 1.0005450722869675
13 425875 425976 101 1.000237158790725
14 320537 320537 0 1.0
15 360193 360327 134 1.0003720227766781
16 284 341 57 1.2007042253521127
17 66850 68436 1586 1.0237247569184742
18 84229 84583 354 1.0042028280046065
19 55544 55896 352 1.0063373181621778
20 54612 55519 907 1.0166080714861203
