1 172995 466239 293244 2.6951010144801875
2 407703 895597 487894 2.196689747193423
3 332804 851544 518740 2.5586952079902887
4 544838 935444 390606 1.7169213601107118
5 477684 998634 520950 2.090574522068983
6 19114 229727 210613 12.018782044574657
7 108293 448275 339982 4.139464231298422
8 181850 629006 447156 3.4589276876546604
9 90440 526044 435604 5.8164971251658555
10 151701 492966 341265 3.249589653331224
11 129728 574999 445271 4.43234305624075
12 462324 1125184 662860 2.433756413251313
13 425875 910507 484632 2.1379677135309656
14 320537 957841 637304 2.988238487288519
15 360193 979362 619169 2.7189923180072904
16 284 328403 328119 1156.3485915492959
17 66850 570594 503744 8.535437546746447
18 84229 676111 591882 8.02705718932909
19 55544 637940 582396 11.485308944260407
20 54612 502859 448247 9.207848091994434
