1 172995 173020 25 1.0001445128471922
2 407703 408622 919 1.0022540918266483
3 332804 332856 52 1.0001562481220179
4 544838 544838 0 1.0
5 477684 477969 285 1.0005966287336399
6 19114 19114 0 1.0
7 108293 108293 0 1.0
8 181850 183145 1295 1.0071212537805885
9 90440 90440 0 1.0
10 151701 151870 169 1.0011140335264763
11 129728 129747 19 1.0001464602861372
12 462324 462571 247 1.0005342573606388
13 425875 426185 310 1.000727913120047
14 320537 320952 415 1.0012947023276564
15 360193 360390 197 1.0005469290075044
16 284 341 57 1.2007042253521127
17 66850 69056 2206 1.0329992520568436
18 84229 84652 423 1.00502202329364
19 55544 55827 283 1.0050950597724326
20 54612 56099 1487 1.0272284479601552
