100
100 85 130
163 57 187
132 28 158
60 110 74
167 54 205
147 59 187
169 118 171
165 112 177
30 59 32
194 78 204
162 120 182
144 28 168
139 52 157
206 42 223
55 2 72
97 62 131
34 38 36
99 28 139
89 53 100
200 46 240
122 58 147
143 119 165
85 64 92
28 113 64
155 104 187
157 95 191
158 73 193
72 51 99
174 61 180
35 62 74
150 6 159
107 56 119
48 103 63
105 104 109
98 110 107
179 51 181
37 113 74
17 2 52
168 40 198
164 80 171
188 55 211
201 53 229
45 103 84
49 108 71
206 40 220
68 89 98
35 87 74
182 13 186
129 83 150
57 101 58
3 72 18
3 19 7
83 96 107
210 116 220
60 100 83
122 109 151
137 115 158
101 82 137
60 112 72
31 7 48
190 31 229
158 108 166
165 101 193
85 25 120
89 6 106
175 22 208
92 57 97
131 51 160
87 57 126
152 47 167
131 38 159
155 67 192
126 32 141
183 87 189
153 101 187
74 97 77
75 119 81
42 113 43
46 71 63
91 65 115
20 11 44
17 108 50
210 73 223
106 64 127
81 97 88
34 44 54
67 107 82
204 106 234
193 73 205
36 102 48
54 20 81
16 55 43
185 60 195
198 65 211
7 29 40
147 69 165
4 39 19
133 96 159
14 16 31
63 87 98
