1000
30 84 70
186 6 188
177 75 209
136 26 171
35 24 64
154 17 162
8 72 22
120 72 145
139 61 159
196 32 230
100 99 105
210 45 235
107 6 110
110 72 134
106 113 144
39 66 54
39 84 44
4 107 13
56 43 60
202 42 226
178 85 212
31 90 65
177 70 185
192 54 219
137 63 169
206 19 210
9 61 13
137 60 160
96 87 111
89 2 120
145 60 179
151 21 163
55 98 66
1 109 39
11 83 48
32 5 48
197 71 199
102 64 135
35 60 57
173 53 188
61 103 65
10 31 19
57 90 83
35 35 74
68 114 101
19 19 30
7 80 30
85 67 124
73 120 111
200 116 212
36 18 50
87 111 113
22 89 24
136 5 149
52 34 86
30 90 51
207 41 219
9 102 29
42 10 81
174 18 191
169 20 176
66 19 90
69 51 92
84 43 106
152 81 189
20 2 26
8 111 38
101 16 139
57 54 64
31 51 51
192 96 206
109 43 120
183 49 214
112 25 122
31 92 44
8 53 29
209 30 229
123 45 139
131 68 142
29 57 40
52 58 56
126 114 142
30 74 47
76 83 88
180 67 212
151 115 152
83 36 102
62 78 79
152 25 161
157 9 194
204 88 242
180 42 198
82 77 114
49 57 89
120 76 125
96 68 123
190 29 192
176 91 181
146 42 168
88 39 123
146 113 172
188 94 227
98 86 109
80 56 120
38 118 62
178 96 187
35 93 46
108 95 116
204 5 227
92 114 110
122 51 153
11 16 18
38 62 58
110 32 127
190 103 199
10 33 12
192 86 218
89 46 114
39 70 70
156 62 169
14 3 32
109 103 127
122 18 128
163 48 194
94 104 109
210 96 213
129 110 146
145 116 152
80 25 96
14 90 37
127 24 153
109 95 142
5 61 35
186 30 198
97 67 121
47 70 81
185 27 205
128 17 162
125 39 164
31 20 44
74 83 112
104 78 126
66 71 97
167 116 175
31 66 65
178 67 205
64 86 98
151 14 159
11 40 46
117 13 135
41 61 42
4 38 17
38 82 58
130 101 144
118 116 119
85 103 95
209 48 249
40 21 47
68 108 84
18 103 22
120 66 160
112 52 113
121 78 133
134 116 155
68 53 82
144 5 175
64 67 91
180 91 202
137 35 168
59 119 61
144 49 158
96 96 110
126 36 147
28 46 60
168 117 174
172 9 174
99 79 116
165 71 176
120 58 145
106 69 139
137 101 175
176 81 207
126 21 141
206 35 242
195 19 229
150 56 181
81 59 86
73 84 81
154 49 162
28 67 42
62 26 73
133 17 157
109 84 110
15 53 36
44 24 54
180 1 199
177 12 209
12 9 26
127 35 157
191 74 198
116 20 144
199 8 210
67 92 69
136 16 160
199 92 239
64 5 83
176 57 185
76 68 108
194 28 199
143 72 146
132 95 149
166 11 185
56 95 57
3 112 33
116 74 135
114 31 144
77 65 110
70 65 79
36 67 74
162 43 175
137 79 170
22 62 35
23 83 40
186 102 217
122 107 150
55 33 56
210 81 234
184 34 199
15 88 46
49 38 52
187 20 225
31 87 32
182 56 189
35 30 46
88 54 121
173 56 212
48 71 66
169 55 190
68 87 88
177 71 199
172 107 191
68 34 101
174 106 189
59 60 83
103 84 134
48 13 64
1 64 11
29 87 69
150 10 154
204 71 242
69 6 75
165 102 170
146 31 155
78 83 117
142 101 147
153 98 173
7 18 39
38 52 62
143 85 167
125 116 146
125 100 164
162 63 172
125 29 156
48 117 57
125 75 154
196 102 225
119 67 141
82 107 96
94 50 103
4 97 11
39 59 42
130 7 155
85 41 124
112 88 120
172 79 193
16 42 46
21 102 25
78 12 82
74 107 81
72 71 93
5 56 29
40 5 68
52 26 55
93 100 128
130 35 164
51 68 68
178 2 180
54 50 73
188 13 226
207 113 213
85 64 125
40 35 73
85 13 97
161 47 162
58 81 70
55 10 58
168 90 170
87 68 116
158 85 188
182 70 193
117 79 157
78 86 118
161 81 187
42 120 62
182 34 202
14 7 18
40 105 65
130 36 153
192 91 228
199 2 227
137 7 145
171 116 197
41 7 73
96 22 109
113 107 129
200 63 205
201 57 211
111 39 150
6 104 19
110 88 119
162 98 175
106 61 129
209 103 244
115 34 146
101 13 134
125 93 127
83 84 94
118 81 151
46 17 71
109 12 124
131 3 167
85 28 102
201 84 236
119 2 137
85 61 105
162 62 165
183 65 213
110 11 119
152 44 191
98 76 130
66 78 76
183 50 196
31 79 62
184 8 185
186 116 211
118 63 149
138 116 164
67 99 97
182 60 209
47 112 67
27 41 53
31 41 64
28 35 35
66 100 81
186 54 191
56 102 67
79 42 83
32 2 41
151 49 165
3 14 28
116 12 123
158 81 198
126 62 162
4 58 39
45 108 67
82 58 83
135 27 141
193 14 196
171 11 174
102 64 105
180 117 197
2 102 16
198 91 234
71 56 81
198 33 199
17 112 26
141 99 148
35 44 72
125 113 136
159 93 176
31 40 50
50 49 63
178 58 182
85 113 109
6 68 38
22 25 24
78 88 105
62 98 70
56 62 64
109 28 129
167 14 169
123 93 162
35 46 50
59 88 69
19 44 45
158 83 173
188 91 226
111 40 122
166 94 194
142 66 165
93 43 97
136 81 143
87 55 100
18 23 53
204 46 241
194 112 202
3 119 21
148 89 152
53 56 89
201 56 220
164 63 173
204 97 224
26 97 54
180 104 218
64 71 97
131 117 132
95 43 116
29 50 58
158 113 190
93 75 121
15 7 24
148 38 184
112 5 114
149 10 171
17 60 46
168 53 179
205 33 216
86 12 125
54 38 67
44 90 54
30 52 32
24 55 44
23 62 30
18 100 26
9 38 47
79 19 107
125 100 134
194 15 213
146 87 183
20 85 58
206 118 237
10 17 16
184 89 216
81 114 82
27 12 47
200 104 234
195 12 198
122 111 154
149 90 182
32 1 67
160 61 184
29 12 30
40 16 75
204 116 244
53 27 57
140 65 150
92 73 131
115 28 145
91 112 93
33 72 73
129 95 153
175 68 193
192 119 212
210 65 215
119 104 143
125 11 126
165 95 181
11 69 39
71 56 83
126 104 157
26 59 50
73 26 92
64 42 74
146 65 162
68 68 86
131 20 160
46 67 52
21 102 27
145 109 160
138 36 156
178 21 179
85 43 117
61 18 69
194 114 223
19 61 45
136 27 170
38 45 64
179 78 219
166 51 172
136 56 151
127 53 138
57 68 80
31 4 58
204 112 236
25 68 46
172 85 195
170 21 204
142 59 158
128 29 152
208 26 217
98 37 116
151 63 158
142 88 163
170 10 194
190 23 199
123 93 162
98 19 135
126 36 146
188 116 225
156 45 193
69 77 109
80 65 114
110 114 135
63 76 71
23 25 49
65 97 99
30 19 40
210 62 217
22 61 47
37 77 56
60 35 61
18 71 28
202 93 212
98 91 120
5 47 15
8 76 48
144 16 178
22 85 43
123 48 133
53 103 93
112 21 113
184 85 214
157 25 180
118 25 133
201 18 234
177 59 210
75 35 76
54 8 91
151 34 155
8 22 34
50 82 57
126 89 163
193 66 221
37 112 66
45 10 65
8 79 39
101 8 122
127 75 132
106 108 121
141 97 152
123 96 152
175 74 183
7 64 40
147 11 175
81 59 85
17 82 19
32 118 65
21 3 27
196 93 235
34 71 37
4 21 8
37 69 67
40 58 55
136 42 175
91 87 115
16 81 29
116 53 155
56 47 81
143 79 149
199 16 207
85 14 113
192 93 195
25 33 64
190 86 198
117 31 130
38 63 52
9 44 24
164 17 189
11 26 13
81 39 83
140 6 178
140 73 173
202 26 228
123 25 157
94 12 123
160 41 199
150 35 186
43 13 66
12 28 33
56 42 85
104 80 128
30 93 68
108 74 126
6 55 42
9 16 48
133 55 164
84 52 99
14 91 33
188 61 217
202 108 206
179 58 190
92 71 128
48 66 79
6 86 33
115 37 148
121 120 123
100 23 124
35 24 60
136 98 157
175 86 178
175 100 197
3 103 24
86 12 103
16 1 38
199 118 202
75 14 112
29 116 60
196 68 205
204 82 242
33 31 49
35 78 75
170 19 204
127 117 151
103 21 112
72 1 99
169 34 201
151 60 178
18 109 21
154 42 155
64 43 70
40 62 69
42 85 56
151 38 180
189 34 216
67 19 78
197 100 203
69 50 85
65 116 81
168 88 169
116 113 151
2 41 4
133 66 172
31 113 53
42 39 44
89 66 118
150 101 179
79 26 100
122 5 160
30 91 57
190 90 211
105 67 144
30 12 41
4 102 27
118 36 135
46 95 82
93 33 101
142 103 151
12 106 41
20 73 29
65 106 89
184 62 202
203 78 236
207 67 219
135 61 139
199 104 230
130 93 132
56 20 59
15 36 23
178 21 180
131 85 153
36 12 40
3 28 26
177 101 197
11 49 30
165 77 187
27 68 48
127 28 149
42 17 54
72 57 108
107 90 123
164 14 186
165 37 196
131 35 157
64 105 83
186 25 225
184 25 205
188 44 196
190 103 198
164 71 172
206 74 212
44 84 81
207 58 215
84 85 98
50 63 67
168 18 198
98 2 116
125 43 139
188 115 226
206 49 210
104 1 140
165 16 167
200 88 232
135 112 147
19 55 37
144 113 156
157 46 183
53 77 85
82 50 99
152 6 176
47 90 83
28 22 56
36 10 44
194 105 222
145 26 164
190 29 225
39 82 58
35 76 61
171 28 206
162 63 170
55 113 60
171 86 200
6 79 15
91 32 100
101 57 125
189 90 223
174 90 208
54 13 93
62 23 89
171 116 192
79 42 104
129 71 146
17 88 25
70 1 98
155 104 164
74 120 112
146 68 153
29 42 38
91 55 123
101 85 135
106 68 134
91 13 115
193 58 205
14 95 54
70 63 79
129 88 145
75 77 112
164 102 179
40 58 73
105 34 118
179 67 217
207 35 247
88 21 113
72 120 76
154 13 180
125 106 136
157 41 193
5 49 29
194 20 209
42 98 76
182 39 217
185 119 186
89 20 98
161 97 183
59 20 81
155 99 191
114 72 128
76 96 82
106 1 117
49 11 61
207 6 216
89 63 128
34 31 66
136 51 152
128 16 142
90 38 119
50 86 81
145 22 175
167 57 201
131 33 139
39 117 70
196 55 217
202 81 230
63 38 98
66 70 100
39 72 63
102 96 113
76 93 114
70 97 78
70 70 107
138 40 175
194 3 206
43 112 57
103 87 116
110 70 143
84 60 99
152 50 155
126 114 164
86 119 89
176 108 216
8 9 40
115 2 127
103 7 121
49 57 76
4 22 31
80 110 101
148 53 179
186 112 218
27 107 58
180 23 191
179 76 215
37 114 65
48 25 82
73 111 109
190 67 196
101 114 123
169 71 205
131 35 152
5 28 23
49 53 72
117 27 149
63 62 93
147 106 171
185 69 218
36 85 53
7 1 37
4 108 34
206 91 215
169 54 188
45 98 59
205 102 208
165 8 188
108 79 113
47 81 57
144 56 174
134 23 145
163 93 186
63 9 99
73 55 99
61 41 63
83 43 104
139 73 150
60 24 61
158 94 165
111 39 125
85 119 125
2 51 21
123 12 128
129 94 139
7 5 15
75 12 84
141 95 173
137 43 161
83 83 96
186 86 189
43 36 56
47 42 55
17 1 32
38 105 64
177 58 208
65 67 84
29 96 53
145 11 180
190 31 223
206 81 225
118 4 123
124 83 140
48 20 58
152 58 153
83 64 98
188 25 208
150 86 160
148 96 151
55 94 64
122 58 158
18 120 53
15 14 30
24 113 59
168 71 189
114 33 142
183 70 223
103 17 124
174 94 180
130 70 153
22 54 25
16 43 31
210 73 229
62 12 89
130 35 152
190 27 203
25 10 27
45 54 66
90 109 95
200 102 224
208 41 214
56 103 64
180 98 196
18 16 41
65 37 103
78 4 90
127 86 132
51 87 87
65 71 66
5 73 31
82 120 97
70 59 72
40 45 57
141 92 147
151 111 160
56 67 75
30 18 47
202 27 232
103 59 130
29 4 60
194 76 206
177 78 217
160 72 199
8 64 9
122 102 133
191 89 208
121 20 144
202 90 230
63 36 90
62 50 85
169 113 190
191 114 209
17 77 18
60 43 69
127 86 143
133 113 137
87 50 106
176 44 213
19 8 34
80 90 117
127 70 140
124 102 132
66 5 71
162 91 195
159 55 179
87 79 98
36 65 44
44 7 79
207 9 209
2 7 35
85 104 91
162 66 181
51 42 58
2 20 15
197 108 211
126 16 155
22 73 31
58 87 75
158 105 190
168 10 183
163 8 203
155 35 165
203 43 220
66 87 68
86 105 110
179 6 194
94 64 108
103 27 136
18 118 21
173 55 207
63 73 66
136 46 152
127 105 138
20 75 34
140 4 164
144 99 170
5 10 23
80 77 110
80 61 88
37 59 59
94 103 99
1 96 40
33 115 55
203 14 231
191 78 211
192 68 212
205 62 227
40 31 49
207 70 230
95 74 135
83 70 87
47 81 49
96 29 109
160 4 177
85 86 121
161 89 173
52 107 90
134 13 142
168 78 206
146 9 164
185 116 196
65 33 103
32 88 37
179 78 218
187 44 194
207 75 223
142 58 154
