100
1 10 843
1 8 1000
3 9 620
6 8 1378
8 9 1132
4 4 65
4 4 1136
7 7 1209
8 7 53
12 9 1037
11 8 1427
7 5 1232
15 10 343
8 5 1213
19 9 967
20 9 166
20 7 1258
29 10 917
16 5 478
20 6 286
25 7 392
36 10 757
27 7 1939
40 10 1759
21 5 1159
49 10 1876
45 9 115
49 9 461
50 9 888
39 7 977
12 2 56
32 5 1762
32 5 860
45 7 1847
13 2 1580
62 9 1604
63 9 1072
21 3 1613
57 8 238
29 4 200
29 4 535
59 8 1419
31 4 1115
70 8 1572
81 9 1589
82 9 1506
85 9 69
29 3 258
49 5 1784
30 3 1472
80 8 976
72 7 246
52 5 171
95 9 1547
99 9 1818
89 8 1240
68 6 1249
57 5 204
23 2 1163
92 8 1022
59 5 253
71 6 1151
96 8 109
60 5 1796
64 5 1074
91 7 1276
26 2 1255
92 7 738
80 6 863
69 5 1124
28 2 550
28 2 1183
87 6 1549
87 6 63
44 3 124
90 6 769
95 6 560
16 1 289
16 1 422
32 2 1184
83 5 1753
91 5 558
73 4 245
55 3 660
79 4 1095
80 4 1590
44 2 119
68 3 1713
23 1 1183
81 3 1748
28 1 1748
86 3 120
86 3 1812
88 3 1374
96 2 992
98 2 1510
52 1 1187
66 1 1425
67 1 656
99 1 267
