100
1 6 1410
1 3 1509
1 2 1374
9 9 981
2 2 522
5 5 525
11 8 964
15 9 961
17 8 1416
9 4 843
16 6 1543
23 8 1229
30 10 968
20 6 732
11 3 970
34 9 1268
32 8 1234
24 6 1114
17 4 1438
13 3 562
35 8 804
44 10 655
22 5 626
40 9 1210
46 10 950
47 10 923
48 10 1046
49 10 570
35 7 1401
41 8 1135
11 2 1473
52 9 810
47 8 861
47 8 800
59 10 1189
18 3 605
62 10 689
64 10 648
54 8 680
69 10 917
71 10 1020
36 5 724
40 5 873
82 10 1116
33 4 1344
85 10 1443
17 2 548
44 5 1434
62 7 686
27 3 719
18 2 831
18 2 1487
55 6 891
85 9 1005
95 10 1260
29 3 1477
99 10 1443
30 3 559
32 3 694
98 9 522
88 8 523
44 4 1283
90 8 1345
91 8 1110
69 6 554
95 8 550
84 7 925
96 8 993
62 5 1091
100 8 819
53 4 1188
53 4 1260
80 6 1353
95 7 1172
46 3 1432
92 6 1097
83 5 1002
83 5 1338
100 6 1162
93 5 615
57 3 617
57 3 966
95 5 1293
96 5 718
77 4 1462
88 4 650
92 4 598
24 1 1125
97 4 869
78 3 1426
27 1 559
89 3 1049
32 1 1504
75 2 1070
85 2 959
47 1 1117
47 1 916
48 1 743
63 1 1311
83 1 811
