100
1 10 3192
1 9 1615
1 9 2986
2 9 3053
1 4 1824
15 10 2598
16 10 2835
16 9 93
12 5 1997
9 3 1094
9 3 3541
34 10 2870
23 6 844
27 7 300
39 10 1409
8 2 2955
20 5 1373
41 10 268
38 9 1636
43 10 1907
27 6 939
23 5 2665
46 10 1247
49 10 839
51 10 5
46 9 3767
16 3 858
54 10 1170
49 9 2086
55 10 1161
53 9 3792
6 1 1370
36 6 2114
56 9 3677
19 3 459
13 2 75
66 10 1913
53 8 2282
27 4 1498
14 2 2342
21 3 130
59 8 3146
76 10 3107
39 5 2137
32 4 1586
82 10 221
75 9 3205
80 9 419
9 1 41
55 6 3512
47 5 2520
38 4 848
57 6 2393
78 8 1884
30 3 4026
82 8 2017
83 8 934
54 5 3795
77 7 3541
80 7 2412
69 6 3515
93 8 3789
35 3 2422
47 4 3648
95 8 2071
49 4 656
37 3 62
62 5 560
100 8 491
38 3 3186
93 7 1312
80 6 2905
98 7 2678
87 6 2843
90 6 1455
76 5 1533
65 4 612
69 4 25
35 2 3049
58 3 2042
81 4 1164
61 3 716
41 2 3989
21 1 1990
53 2 1877
55 2 3672
86 3 1100
93 3 2979
97 3 1649
72 2 1773
74 2 124
75 2 3419
38 1 2145
84 2 1240
84 2 936
86 2 3840
90 2 1008
67 1 2783
78 1 1395
86 1 1856
