100
3 7 2129
3 6 4035
10 9 3656
7 6 2452
13 10 2286
13 10 3287
11 8 1546
13 7 3842
22 10 1941
16 7 4623
5 2 2539
21 8 3196
27 10 3622
20 7 1629
18 6 1462
23 7 3567
27 8 4612
22 6 4749
15 4 2845
38 10 1367
24 6 5156
25 6 4458
22 5 1249
45 10 1242
32 7 5142
46 10 4931
20 4 3530
17 3 2978
23 4 3970
54 9 2218
38 6 4475
38 6 1179
38 6 1070
32 5 2147
53 8 4127
50 7 2698
36 5 3248
22 3 2643
69 9 4143
31 4 4109
16 2 5030
24 3 3661
65 8 1974
82 10 4622
74 9 3360
26 3 3213
44 5 4668
71 8 2306
66 7 1764
85 9 3792
85 9 2194
62 6 4111
21 2 1102
54 5 2047
55 5 4810
91 8 1773
91 8 4690
96 8 4843
85 7 3310
73 6 5175
73 6 1334
73 6 1880
87 7 2733
79 6 4391
82 6 3409
42 3 3416
64 4 3380
16 1 4599
97 6 1214
51 3 1791
90 5 1947
73 4 1221
55 3 4443
95 5 4161
57 3 3952
19 1 4061
96 5 2147
99 5 3968
84 4 1469
84 4 5207
93 4 3406
78 3 1298
85 3 5056
87 3 1419
59 2 1499
92 3 4558
37 1 1904
40 1 1529
44 1 1348
89 2 1497
48 1 2486
97 2 1487
98 2 3425
99 2 2289
57 1 4601
63 1 2672
74 1 4340
83 1 3510
88 1 2693
91 1 2291
