100
1 10 2711
4 5 2507
1 1 2592
7 5 2790
17 8 1644
11 5 1898
20 9 1946
12 5 1144
23 9 1173
26 10 2828
8 3 1949
24 9 2682
25 9 3074
9 3 1170
27 8 2393
18 5 1541
35 9 2057
38 9 2027
17 4 2960
32 7 3141
38 8 1770
53 10 1890
54 10 2364
52 9 1695
41 7 2793
24 4 3299
32 5 1143
20 3 2631
60 9 2408
67 10 2760
54 8 1254
62 9 2440
7 1 3108
56 8 2981
67 9 1501
15 2 3068
68 9 1304
38 5 1926
69 9 2873
78 10 1334
74 9 1661
76 9 2346
90 10 1186
81 9 2187
91 10 2440
82 9 1486
83 9 2805
76 8 1702
39 4 1415
88 9 1551
60 6 1661
90 9 1470
83 8 2802
32 3 2020
44 4 1608
55 5 1791
44 4 2312
67 6 2207
68 6 3087
82 7 3256
60 5 2738
85 7 3120
87 7 3120
77 6 2399
26 2 1530
79 6 1700
97 7 2613
84 6 1532
85 6 2396
100 7 1391
86 6 2547
29 2 2154
93 6 2985
62 4 1220
63 4 3254
79 5 2556
17 1 2284
34 2 3080
55 3 1386
92 5 1953
56 3 1727
57 3 1421
38 2 2973
83 4 2916
68 3 1616
95 4 2367
97 4 2031
100 4 2033
53 2 1716
27 1 1867
81 3 2144
85 3 1144
33 1 1560
99 3 2913
70 2 1905
37 1 2836
97 2 1975
60 1 1930
80 1 2203
99 1 1221
