100
1 6 1983
8 10 2655
6 7 1063
7 8 1693
5 5 1441
6 6 1296
11 9 1042
7 5 2380
5 3 2432
5 3 2063
16 9 1150
18 8 1590
17 7 1322
30 10 1537
31 10 2495
25 8 2361
21 6 2958
22 5 2708
19 4 2632
34 7 1896
27 5 2847
27 5 2248
11 2 1690
57 10 2296
38 6 1701
51 8 1968
26 4 1292
59 9 2518
68 10 1809
58 8 1903
51 7 2392
60 8 1975
53 7 1416
79 10 1839
48 6 2695
80 10 1789
85 10 2047
52 6 1077
70 8 2600
79 9 2999
54 6 2345
18 2 1353
9 1 3005
93 10 1099
56 6 1354
90 9 2905
20 2 3024
61 6 2322
41 4 2302
72 7 2262
83 8 1389
67 6 2501
56 5 1059
91 8 2698
12 1 1122
28 2 1800
14 1 1844
29 2 2881
73 5 1161
88 6 2989
74 5 2392
30 2 1075
61 4 1518
47 3 1979
95 6 2527
100 6 2196
51 3 2968
69 4 1915
52 3 1133
70 4 1636
53 3 1288
18 1 1227
55 3 1374
38 2 2741
96 5 1026
96 5 2810
97 5 2377
39 2 1421
59 3 1517
64 3 1146
87 4 2323
44 2 1991
24 1 1395
51 2 1407
82 3 2819
85 3 1844
29 1 1851
87 3 2496
30 1 1414
61 2 3007
41 1 2555
86 2 2324
89 2 2127
91 2 2499
92 2 2534
93 2 1608
63 1 2450
63 1 1679
70 1 1305
92 1 2145
