100
2 9 974
4 10 1415
3 5 1691
3 5 2602
6 6 2231
5 4 2742
10 8 2236
11 8 2088
15 10 2318
11 7 1526
13 8 1692
10 6 2400
16 9 2447
18 9 1914
17 8 2276
15 7 1778
19 8 2057
8 3 1637
14 5 1474
17 6 1683
23 8 1206
18 6 2178
31 9 2691
14 4 1987
25 7 1600
11 3 2336
8 2 1676
13 3 1012
44 10 2342
28 6 1433
47 10 2508
49 10 1112
10 2 1820
21 4 2653
48 9 1982
27 5 1233
23 4 2117
35 6 2807
59 10 2402
43 7 1139
44 7 2367
39 6 1205
54 8 2773
27 4 2663
68 10 993
14 2 1923
28 4 2241
36 5 1506
67 9 975
45 6 2676
68 9 2755
68 9 1066
70 9 1354
55 7 1469
71 9 2666
81 10 2194
83 10 2073
67 8 2048
42 5 1588
51 6 982
69 8 1201
65 7 1404
58 6 1674
89 9 2205
99 10 2556
71 7 2003
62 6 1674
44 4 2840
80 7 2036
97 8 2136
79 6 2526
80 6 1568
95 7 957
68 5 1410
96 7 2577
56 4 2443
71 5 1863
57 4 2134
72 5 2294
48 3 1216
89 5 1203
73 4 1112
55 3 2298
57 3 1035
76 4 2541
96 5 1194
100 5 1517
64 3 2483
86 4 1361
98 4 992
80 3 1118
80 3 2171
82 3 2587
59 2 2295
60 2 1662
33 1 2293
38 1 1609
59 1 1804
71 1 2823
85 1 1411
