100
4 9 1429
4 9 839
9 10 461
5 5 1596
11 10 607
13 8 1215
18 10 1894
15 8 2018
19 10 412
23 10 958
17 7 973
20 8 1026
25 9 562
14 5 437
18 6 189
19 6 970
16 5 1115
27 8 970
17 5 109
31 9 608
29 8 1738
4 1 522
37 8 1360
60 10 11
43 7 1084
25 4 875
50 8 1604
58 9 564
14 2 1022
64 9 1043
36 5 1370
52 7 1337
60 8 1107
53 7 1878
53 7 962
31 4 1134
80 10 697
41 5 426
60 7 10
79 9 1345
63 7 523
54 6 926
65 7 1520
56 6 1772
66 7 901
66 7 162
38 4 1411
58 6 2036
40 4 1371
31 3 924
85 8 1646
68 6 1616
96 8 1853
99 8 1723
62 5 1620
51 4 543
66 5 195
80 6 741
40 3 620
81 6 1410
68 5 406
69 5 1714
71 5 9
58 4 1801
45 3 2058
30 2 523
99 6 899
83 5 1651
17 1 747
86 5 939
95 5 1488
19 1 817
58 3 1773
79 4 1802
41 2 914
82 4 1846
41 2 1960
85 4 1005
89 4 901
46 2 755
72 3 1685
75 3 806
54 2 260
84 3 1851
85 3 1987
86 3 1049
30 1 1020
91 3 1080
99 3 272
67 2 519
34 1 862
76 2 880
77 2 439
81 2 1870
96 2 164
65 1 483
79 1 176
83 1 1342
92 1 312
96 1 806
