100
1 4 1007
2 8 1875
2 5 977
2 4 1791
5 9 2405
6 9 1736
3 4 2539
6 7 1969
9 9 2892
5 4 2715
9 7 1686
7 5 2549
15 9 2492
18 10 2808
20 10 1503
21 9 2593
9 3 1809
27 9 2022
32 10 2839
24 7 2630
4 1 1044
20 5 2052
8 2 1008
41 10 1037
33 8 2542
29 7 2368
29 7 1382
38 9 1519
44 10 2242
40 9 1526
35 7 2868
31 6 2737
43 8 2638
50 9 1265
59 10 1118
60 10 2420
18 3 1153
18 3 1240
36 6 2169
25 4 2490
57 9 2507
65 10 2551
42 6 2687
50 7 2728
43 6 1090
58 8 1064
66 9 2514
74 10 2326
45 6 1676
62 8 1376
73 9 1598
59 7 1277
87 10 1934
89 10 1574
92 10 1277
57 6 2492
38 4 1318
96 10 1310
39 4 2476
80 8 1071
92 9 1412
74 7 974
85 8 1116
98 9 2648
22 2 2284
55 5 2580
79 7 1316
81 7 2321
93 8 1802
35 3 2729
59 5 2308
73 6 1426
62 5 1791
64 5 1769
77 6 2703
40 3 1896
80 6 1655
97 7 2723
87 6 2261
95 6 2897
32 2 1605
54 3 1818
39 2 1619
99 5 2388
21 1 1869
43 2 1703
65 3 2623
88 4 2784
69 3 2243
97 4 1550
26 1 2688
53 2 998
59 2 2018
31 1 1150
83 2 1272
44 1 1394
73 1 2294
78 1 2136
82 1 1449
96 1 1953
