100
3 9 1526
5 10 1432
9 10 1957
7 7 1407
5 5 2815
1 1 2316
6 6 1323
9 6 2372
15 9 1982
15 8 2982
15 8 3107
2 1 2554
14 6 1100
21 8 1718
24 9 1849
25 9 2440
26 9 2429
18 6 2690
15 5 3051
24 8 2864
24 8 1738
25 8 1523
33 10 1621
10 3 1130
28 7 1414
12 3 2066
8 2 2389
30 7 2971
29 6 2013
30 6 1312
36 7 3017
26 5 1490
35 6 2736
37 6 2699
55 8 1914
42 6 2290
64 9 1793
51 7 1578
54 7 3068
49 6 2284
49 6 1932
74 9 1979
84 10 3190
85 10 3046
87 10 2492
35 4 2228
47 5 1647
88 9 1888
88 9 1667
82 8 1341
22 2 2158
55 5 2397
11 1 1297
80 7 2638
80 7 1391
93 8 1287
95 8 1686
60 5 1712
84 7 3168
37 3 2421
87 7 2200
84 6 2659
100 7 1615
72 5 1670
88 6 2089
45 3 2609
93 6 3152
95 6 1873
66 4 2219
52 3 2776
89 5 2289
94 5 1677
94 5 2762
99 5 3117
82 4 1969
83 4 1278
72 3 2788
97 4 1787
52 2 3030
26 1 2939
89 3 2839
92 3 1268
68 2 3001
36 1 2693
73 2 2517
77 2 2084
40 1 2021
84 2 2371
86 2 1114
99 2 3149
53 1 1350
59 1 2074
63 1 2753
71 1 2441
73 1 2518
76 1 1772
80 1 1770
84 1 2605
87 1 2790
89 1 1722
