100
7 9 971
15 9 523
14 7 1294
12 6 537
13 6 1583
15 5 2049
25 8 1029
22 7 2089
32 10 1348
29 9 1180
30 9 179
30 9 335
32 8 245
12 3 489
42 10 1972
33 7 1200
38 8 426
35 7 73
15 3 174
50 10 1192
51 10 418
45 8 1581
63 10 330
66 10 794
40 6 1683
67 10 243
21 3 877
64 9 1675
57 8 854
51 7 891
74 10 94
37 5 1493
46 6 1505
31 4 1168
63 8 344
72 9 477
41 5 2356
74 9 1634
76 9 1096
35 4 495
27 3 362
65 7 1660
93 10 1220
86 9 898
48 5 1117
58 6 1528
88 9 41
98 10 2257
51 5 991
92 9 1286
63 6 475
77 7 554
67 6 1683
56 5 1091
81 7 1499
24 2 2107
64 5 326
78 6 2222
67 5 567
82 6 1578
87 6 123
88 6 1425
74 5 825
75 5 147
90 6 289
79 5 541
79 5 1114
16 1 1918
67 4 1448
70 4 1772
93 5 286
93 5 1186
81 4 1233
86 4 1216
71 3 1888
48 2 834
72 3 734
98 4 81
25 1 1318
76 3 2167
52 2 1200
81 3 2171
56 2 883
84 3 1182
84 3 699
96 3 2147
32 1 880
66 2 975
100 3 2299
76 2 406
45 1 1884
91 2 1474
58 1 734
67 1 1733
68 1 1187
75 1 2283
81 1 1556
91 1 2294
95 1 1543
97 1 1944
