100
1 10 1180
2 8 1163
4 4 1084
12 10 984
6 4 841
9 5 1007
9 5 801
11 6 1029
20 10 1043
7 3 1500
20 7 655
31 10 1488
25 8 1353
13 4 718
36 10 525
23 6 1037
31 8 1402
28 7 595
20 5 568
29 7 956
45 10 1078
37 8 654
42 9 984
28 6 1182
47 10 1525
10 2 945
42 8 983
37 7 826
56 10 1232
47 8 849
24 4 1298
62 10 1014
19 3 1173
52 8 1444
52 8 1250
46 7 630
67 10 1065
29 4 1063
59 8 1236
61 8 1394
56 7 952
57 7 769
58 7 564
84 10 1266
42 5 689
35 4 1091
79 9 674
71 8 1130
18 2 1147
36 4 1515
91 10 880
65 7 1480
93 10 1550
84 9 1177
75 8 715
58 6 586
68 7 1114
78 8 754
88 9 814
59 6 1539
89 9 576
89 9 1522
70 7 1261
81 8 1151
86 8 1425
86 8 773
54 5 875
76 7 553
88 8 1351
45 4 659
47 4 838
62 5 802
87 7 1159
39 3 722
26 2 565
13 1 1132
54 4 1244
14 1 626
89 6 1036
75 5 816
91 6 784
62 4 777
96 6 1142
48 3 1006
97 6 1103
90 5 698
57 3 1517
99 5 767
99 5 1231
60 3 1118
43 2 750
96 4 601
25 1 882
83 3 1155
28 1 1115
29 1 721
99 3 1155
77 2 1153
66 1 1083
76 1 519
