100
6 9 1403
5 5 1418
6 6 624
1 1 1345
2 1 915
6 3 944
22 10 1439
27 10 826
6 2 1097
12 4 725
18 6 526
33 10 786
19 5 1118
32 8 1285
34 8 1390
23 5 1322
37 8 1217
33 7 710
43 9 1364
5 1 954
31 6 1214
21 4 1095
32 6 1508
38 7 693
44 8 991
56 10 1408
17 3 611
57 10 972
23 4 1118
60 10 957
43 7 1214
62 10 618
62 10 1460
25 4 1226
13 2 540
59 9 1150
40 6 621
55 8 1228
42 6 588
71 10 555
71 10 583
57 8 1320
50 7 605
59 8 581
15 2 1453
31 4 1354
70 9 1572
82 10 770
66 8 848
75 9 715
84 10 647
42 5 962
43 5 1261
45 5 1060
63 7 737
36 4 1489
28 3 915
85 9 783
48 5 836
70 7 1470
71 7 1383
21 2 681
76 7 1422
92 8 1277
93 8 1394
97 8 1259
89 7 1331
13 1 1290
82 6 1552
96 7 1190
57 4 982
73 5 1224
88 6 1156
59 4 1544
31 2 741
52 3 843
76 4 958
95 5 976
96 5 1467
96 5 1197
58 3 1432
20 1 617
82 4 739
41 2 1562
45 2 1412
96 4 783
78 3 1010
83 3 1298
95 3 1443
98 3 867
66 2 1228
99 3 1087
73 2 960
82 2 708
47 1 1403
97 2 1054
62 1 1079
74 1 611
78 1 1112
81 1 1404
