100
1 8 624
4 8 1305
3 4 801
7 9 1010
6 7 1282
5 5 623
10 9 1396
3 2 768
17 10 663
8 4 1078
10 5 611
21 10 591
17 8 698
18 8 849
10 4 1270
21 8 1186
16 6 1060
24 9 691
20 7 895
19 6 1199
26 8 740
7 2 945
37 10 574
27 7 1152
31 8 656
21 5 783
27 6 969
48 10 1285
34 7 1102
31 6 517
28 5 609
51 9 1366
57 10 542
47 8 508
30 5 1224
49 7 1433
43 6 911
60 8 1452
62 8 1075
39 5 871
80 10 627
40 5 690
33 4 1224
44 5 638
62 7 1362
66 7 538
38 4 1439
98 10 1090
80 8 918
50 5 1009
93 9 703
85 8 1291
96 9 929
65 6 700
98 9 1360
55 5 997
82 7 1011
71 6 1024
95 8 1157
25 2 976
39 3 666
93 7 525
68 5 856
98 7 743
29 2 1136
91 6 519
92 6 1129
95 6 1267
96 6 1209
65 4 926
83 5 600
50 3 1270
34 2 1178
17 1 1089
82 4 884
85 4 1196
44 2 835
92 4 1469
24 1 1246
76 3 744
51 2 950
52 2 1459
82 3 1237
59 2 681
62 2 1275
63 2 893
35 1 887
72 2 1024
74 2 718
75 2 1200
41 1 691
85 2 1140
53 1 1473
53 1 1158
59 1 792
61 1 1229
66 1 1055
74 1 696
75 1 746
88 1 588
