100
1 10 2275
1 8 2715
1 8 3247
1 8 1997
2 10 2902
1 2 3464
1 2 3424
4 4 2020
8 6 2382
3 2 2990
5 3 2337
10 6 2044
12 7 1835
14 8 2064
14 8 2938
17 9 3493
20 10 2636
24 10 2872
15 6 2213
16 6 2239
19 7 3328
19 7 3114
25 9 3374
14 5 2258
14 5 2718
9 3 1826
29 9 1921
30 9 3424
14 4 3139
40 10 2317
16 4 3275
24 6 3130
42 10 3483
17 4 1855
39 9 3008
45 10 1770
32 7 2324
44 9 2481
46 9 2846
42 8 3210
42 8 2464
51 8 2994
59 9 2577
67 10 1768
61 9 2227
72 10 2439
36 5 2871
51 7 3221
44 6 2940
59 8 1978
71 9 2462
8 1 2005
81 10 1958
58 7 3443
17 2 3208
80 8 3506
71 7 1916
21 2 2797
42 4 1984
85 8 2785
97 9 3109
44 4 2095
100 9 2869
68 6 1860
81 7 2317
12 1 3105
24 2 2578
84 7 2737
89 7 1786
51 4 2995
90 7 2938
54 4 3139
95 7 3093
58 4 3262
88 6 3411
76 5 2992
93 6 2031
62 4 2831
80 5 3235
34 2 3184
17 1 2751
18 1 2490
37 2 2297
74 4 2772
37 2 3358
37 2 1828
96 5 2821
59 3 3494
99 5 2766
22 1 2809
81 3 3380
96 3 3423
71 2 1968
36 1 3448
78 2 2687
39 1 1902
55 1 3184
66 1 2091
91 1 1906
93 1 2079
