100
1 6 1610
1 4 1990
3 9 2144
4 6 3478
6 7 955
10 10 1430
7 6 3093
9 6 2286
5 3 434
19 10 1736
2 1 2262
15 7 3825
9 4 1717
15 6 2275
13 5 1489
23 8 1646
30 10 1937
26 8 1206
13 4 1968
23 7 2970
24 7 3167
35 10 2483
29 8 974
22 6 610
36 9 2230
40 10 2169
33 8 222
14 3 2434
47 10 2135
39 8 2661
5 1 2157
38 7 25
22 4 3617
23 4 3190
29 5 469
41 7 1685
47 8 3533
50 8 63
19 3 2199
39 6 3174
33 5 2250
33 5 2991
62 9 1030
57 8 983
29 4 3478
51 7 2172
74 10 2667
46 6 134
62 8 737
79 10 1669
79 10 1724
79 10 1690
80 10 1037
33 4 65
50 6 1503
60 7 2355
26 3 605
72 8 1853
73 8 2764
55 6 2284
95 10 1959
76 8 3189
65 6 1334
98 9 3683
67 6 797
92 8 3155
49 4 2323
86 7 2731
76 6 2568
66 5 2664
96 7 3563
70 5 2350
84 6 1926
85 6 234
49 3 3777
52 3 3562
55 3 776
78 4 3235
39 2 2338
41 2 3250
90 4 2805
69 3 2408
23 1 3632
94 4 2722
95 4 902
96 4 1977
55 2 2075
90 3 1654
37 1 2928
77 2 1705
41 1 1686
96 2 1132
50 1 2432
51 1 2381
56 1 616
61 1 553
64 1 3540
70 1 1334
85 1 203
88 1 3385
