100
3 8 310
2 4 3469
4 6 1255
3 4 3754
7 9 151
11 9 3027
10 8 3630
12 9 940
15 10 2715
6 4 1564
14 9 3067
12 7 3804
2 1 2695
12 6 3125
17 8 1826
17 7 508
27 10 1310
22 8 944
19 6 241
13 4 962
24 7 3299
33 9 938
8 2 584
37 9 248
29 7 504
31 7 1574
43 8 2847
24 4 1272
55 9 1739
38 6 3633
51 8 1966
39 6 2889
13 2 2050
35 5 981
50 7 817
51 7 3679
23 3 2607
54 7 1145
47 6 525
79 10 1870
8 1 3211
42 5 321
77 9 111
36 4 3512
90 10 3589
46 5 3807
65 7 525
67 7 1678
96 10 2009
79 8 2774
89 9 428
90 9 996
92 9 2498
92 9 3186
41 4 430
72 7 3468
75 7 634
65 6 3755
24 2 2839
94 7 3949
94 7 3756
57 4 496
86 6 1874
59 4 1331
66 4 293
68 4 1059
35 2 1966
75 4 3061
19 1 2989
96 5 3757
58 3 3945
39 2 2384
20 1 264
62 3 3712
65 3 3527
47 2 2481
95 4 3217
74 3 129
50 2 2252
51 2 307
53 2 413
54 2 271
83 3 471
86 3 320
92 3 2308
92 3 3125
63 2 2677
32 1 466
65 2 191
72 2 1489
37 1 2037
40 1 197
88 2 3677
97 2 3917
65 1 1417
72 1 3378
79 1 1381
93 1 2472
96 1 2888
97 1 3718
