100
1 7 1433
2 6 4075
5 9 1295
5 5 825
9 8 2741
8 7 2834
8 7 3226
12 10 640
11 6 177
19 10 429
22 10 2147
18 8 1746
18 8 1536
20 8 3834
26 9 2663
15 5 877
12 4 2451
37 10 1135
26 7 2810
16 4 4000
45 10 376
47 10 3306
43 9 862
48 10 3811
36 7 2994
38 7 45
39 7 1672
28 5 3394
45 8 615
17 3 3357
46 8 1843
38 6 1406
26 4 1343
13 2 1722
59 9 3177
67 10 16
54 8 1057
71 10 2760
57 8 1318
51 7 1942
44 6 3122
45 6 93
38 5 3430
77 10 39
55 7 1582
73 9 3984
43 5 505
70 8 1358
74 8 2448
29 3 3965
68 7 3265
68 7 1630
68 7 3933
88 9 4051
59 6 2634
54 5 3408
34 3 2414
24 2 1470
60 5 4036
73 6 1082
66 5 609
41 3 3802
84 6 3804
99 7 62
100 7 2181
100 7 2285
86 6 3751
86 6 3698
62 4 2352
65 4 3431
84 5 2169
17 1 1192
35 2 2288
74 4 2995
37 2 1840
99 5 1422
61 3 3438
43 2 3481
44 2 2993
91 4 1785
93 4 1763
96 4 2067
80 3 2653
55 2 1006
56 2 2187
92 3 3027
63 2 1385
64 2 549
66 2 2266
100 3 809
100 3 479
100 3 3580
71 2 3777
83 2 1041
48 1 1875
54 1 3092
66 1 1570
73 1 3202
74 1 672
88 1 95
