100
1 9 399
1 6 1807
3 7 12
3 7 686
1 2 537
10 10 504
8 7 1155
12 9 621
12 8 1588
14 9 1920
18 9 710
27 10 462
17 6 1170
28 9 1935
13 4 10
17 5 1008
35 10 1568
29 8 1774
30 8 648
28 7 1709
28 7 190
17 4 692
22 5 1295
32 7 1666
38 8 478
34 7 322
30 6 335
36 7 1000
21 4 1217
43 8 690
45 8 335
30 5 1532
36 6 1210
55 9 976
31 5 405
32 5 474
45 7 663
47 7 919
41 6 1187
43 6 448
29 4 847
38 5 43
80 10 672
82 10 984
74 9 892
83 10 778
53 6 1188
72 8 436
45 5 277
46 5 1536
66 7 1684
76 8 1021
57 6 1024
87 9 880
68 7 1989
89 9 1091
60 6 1881
73 7 407
32 3 1589
98 9 140
11 1 170
83 7 526
85 7 643
51 4 429
39 3 1521
94 7 355
68 5 124
56 4 1495
84 6 408
71 5 1985
100 7 310
72 5 908
58 4 492
74 5 460
74 5 580
30 2 1092
75 5 914
64 4 721
99 6 1719
69 4 1533
36 2 1188
57 3 218
82 4 1028
65 3 646
88 4 472
48 2 1178
96 4 779
97 4 1458
49 2 1405
51 2 574
29 1 1787
66 2 1886
67 2 1115
68 2 1493
74 2 1722
83 2 783
91 2 1994
46 1 378
56 1 619
81 1 407
