100
1 9 2012
7 10 2134
3 3 2177
10 9 1841
3 2 1732
6 4 2225
11 7 1651
15 9 1431
10 6 1888
11 6 1868
16 8 2036
17 8 2295
15 7 2267
12 5 1891
22 9 2189
24 9 1879
11 4 1442
11 4 1414
28 10 2306
20 7 1689
26 9 1754
30 9 1458
24 7 1885
37 10 2156
26 7 2264
28 7 2315
42 10 1517
36 8 2105
37 8 2231
20 4 1785
5 1 1583
45 9 1532
40 8 1947
15 3 1843
33 6 2311
45 8 1738
57 10 1594
40 7 2172
53 9 2057
59 10 1978
64 10 2006
45 7 1474
58 9 2176
39 6 2050
14 2 2124
28 4 1905
56 8 1893
57 8 1745
36 5 2054
29 4 1760
59 8 1894
52 7 1448
65 8 1522
52 6 1436
36 4 2052
76 8 2088
68 7 2198
98 10 2270
98 10 2276
69 7 1481
80 8 1801
94 9 1716
95 9 2112
33 3 2207
55 5 1724
78 7 2052
34 3 1612
12 1 1570
74 6 1943
76 6 1864
79 6 1680
95 7 2327
82 6 1995
55 4 2286
97 7 1872
84 6 2208
85 6 2103
88 6 1953
90 6 1919
31 2 1425
47 3 2341
98 6 1435
88 5 1881
88 5 1782
75 4 2094
20 1 1441
23 1 1916
47 2 1620
47 2 1455
75 3 1523
83 3 1866
30 1 1806
91 3 1422
32 1 2252
85 2 2327
50 1 1509
55 1 1593
58 1 1895
69 1 1443
81 1 1714
